[Data Memory]
Size=0
Base=0

[Data Memory Content]
000:  00  00  00  00  00  00  00  00 
008:  00  00  00  00  00  00  00  00 
010:  00  00  00  00  00  00  00  00 
018:  00  00  00  00  00  00  00  00 
020:  00  00  00  00  00  00  00  00 
028:  00  00  00  00  00  00  00  00 
030:  00  00  00  00  00  00  00  00 
038:  00  00  00  00  00  00  00  00 
040:  00  00  00  00  00  00  00  00 
048:  00  00  00  00  00  00  00  00 
050:  00  00  00  00  00  00  00  00 
058:  00  00  00  00  00  00  00  00 
060:  00  00  00  00  00  00  00  00 
068:  00  00  00  00  00  00  00  00 
070:  00  00  00  00  00  00  00  00 
078:  00  00  00  00  00  00  00  00 
080:  00  00  00  00  00  00  00  00 
088:  00  00  00  00  00  00  00  00 
090:  00  00  00  00  00  00  00  00 
098:  00  00  00  00  00  00  00  00 
0A0:  00  00  00  00  00  00  00  00 
0A8:  00  00  00  00  00  00  00  00 
0B0:  00  00  00  00  00  00  00  00 
0B8:  00  00  00  00  00  00  00  00 
0C0:  00  00  00  00  00  00  00  00 
0C8:  00  00  00  00  00  00  00  00 
0D0:  00  00  00  00  00  00  00  00 
0D8:  00  00  00  00  00  00  00  00 
0E0:  00  00  00  00  00  00  00  00 
0E8:  00  00  00  00  00  00  00  00 
0F0:  00  00  00  00  00  00  00  00 
0F8:  00  00  00  00  00  00  00  00 
100:  00  00  00  00  00  00  00  00 
108:  00  00  00  00  00  00  00  00 
110:  00  00  00  00  00  00  00  00 
118:  00  00  00  00  00  00  00  00 
120:  00  00  00  00  00  00  00  00 
128:  00  00  00  00  00  00  00  00 
130:  00  00  00  00  00  00  00  00 
138:  00  00  00  00  00  00  00  00 
140:  00  00  00  00  00  00  00  00 
148:  00  00  00  00  00  00  00  00 
150:  00  00  00  00  00  00  00  00 
158:  00  00  00  00  00  00  00  00 
160:  00  00  00  00  00  00  00  00 
168:  00  00  00  00  00  00  00  00 
170:  00  00  00  00  00  00  00  00 
178:  00  00  00  00  00  00  00  00 
180:  00  00  00  00  00  00  00  00 
188:  00  00  00  00  00  00  00  00 
190:  00  00  00  00  00  00  00  00 
198:  00  00  00  00  00  00  00  00 
1A0:  00  00  00  00  00  00  00  00 
1A8:  00  00  00  00  00  00  00  00 
1B0:  00  00  00  00  00  00  00  00 
1B8:  00  00  00  00  00  00  00  00 
1C0:  00  00  00  00  00  00  00  00 
1C8:  00  00  00  00  00  00  00  00 
1D0:  00  00  00  00  00  00  00  00 
1D8:  00  00  00  00  00  00  00  00 
1E0:  00  00  00  00  00  00  00  00 
1E8:  00  00  00  00  00  00  00  00 
1F0:  00  00  00  00  00  00  00  00 
1F8:  00  00  00  00  00  00  00  00 
200:  00  00  00  00  00  00  00  00 
208:  00  00  00  00  00  00  00  00 
210:  00  00  00  00  00  00  00  00 
218:  00  00  00  00  00  00  00  00 
220:  00  00  00  00  00  00  00  00 
228:  00  00  00  00  00  00  00  00 
230:  00  00  00  00  00  00  00  00 
238:  00  00  00  00  00  00  00  00 
240:  00  00  00  00  00  00  00  00 
248:  00  00  00  00  00  00  00  00 
250:  00  00  00  00  00  00  00  00 
258:  00  00  00  00  00  00  00  00 
260:  00  00  00  00  00  00  00  00 
268:  00  00  00  00  00  00  00  00 
270:  00  00  00  00  00  00  00  00 
278:  00  00  00  00  00  00  00  00 
280:  00  00  00  00  00  00  00  00 
288:  00  00  00  00  00  00  00  00 
290:  00  00  00  00  00  00  00  00 
298:  00  00  00  00  00  00  00  00 
2A0:  00  00  00  00  00  00  00  00 
2A8:  00  00  00  00  00  00  00  00 
2B0:  00  00  00  00  00  00  00  00 
2B8:  00  00  00  00  00  00  00  00 
2C0:  00  00  00  00  00  00  00  00 
2C8:  00  00  00  00  00  00  00  00 
2D0:  00  00  00  00  00  00  00  00 
2D8:  00  00  00  00  00  00  00  00 
2E0:  00  00  00  00  00  00  00  00 
2E8:  00  00  00  00  00  00  00  00 
2F0:  00  00  00  00  00  00  00  00 
2F8:  00  00  00  00  00  00  00  00 
300:  00  00  00  00  00  00  00  00 
308:  00  00  00  00  00  00  00  00 
310:  00  00  00  00  00  00  00  00 
318:  00  00  00  00  00  00  00  00 
320:  00  00  00  00  00  00  00  00 
328:  00  00  00  00  00  00  00  00 
330:  00  00  00  00  00  00  00  00 
338:  00  00  00  00  00  00  00  00 
340:  00  00  00  00  00  00  00  00 
348:  00  00  00  00  00  00  00  00 
350:  00  00  00  00  00  00  00  00 
358:  00  00  00  00  00  00  00  00 
360:  00  00  00  00  00  00  00  00 
368:  00  00  00  00  00  00  00  00 
370:  00  00  00  00  00  00  00  00 
378:  00  00  00  00  00  00  00  00 
380:  00  00  00  00  00  00  00  00 
388:  00  00  00  00  00  00  00  00 
390:  00  00  00  00  00  00  00  00 
398:  00  00  00  00  00  00  00  00 
3A0:  00  00  00  00  00  00  00  00 
3A8:  00  00  00  00  00  00  00  00 
3B0:  00  00  00  00  00  00  00  00 
3B8:  00  00  00  00  00  00  00  00 
3C0:  00  00  00  00  00  00  00  00 
3C8:  00  00  00  00  00  00  00  00 
3D0:  00  00  00  00  00  00  00  00 
3D8:  00  00  00  00  00  00  00  00 
3E0:  00  00  00  00  00  00  00  00 
3E8:  00  00  00  00  00  00  00  00 
3F0:  00  00  00  00  00  00  00  00 
3F8:  00  00  00  00  00  00  00  00 
