[Data Memory]
Size=2
Base=0

[Data Memory Content]
000:  14810000  24243800  08A41880  28A24A80  212A1940  1840000C  10230300  1C240004 
020:  00000000  00000000  00000000  00000000  00000000  00000000  00000000  00000000 
040:  00000000  00000000  00000000  00000000  00000000  00000000  00000000  00000000 
060:  00000000  00000000  00000000  00000000  00000000  00000000  00000000  00000000 
080:  00000000  00000000  00000000  00000000  00000000  00000000  00000000  00000000 
0A0:  00000000  00000000  00000000  00000000  00000000  00000000  00000000  00000000 
0C0:  00000000  00000000  00000000  00000000  00000000  00000000  00000000  00000000 
0E0:  00000000  00000000  00000000  00000000  00000000  00000000  00000000  00000000 
100:  00000000  00000000  00000000  00000000  00000000  00000000  00000000  00000000 
120:  00000000  00000000  00000000  00000000  00000000  00000000  00000000  00000000 
140:  00000000  00000000  00000000  00000000  00000000  00000000  00000000  00000000 
160:  00000000  00000000  00000000  00000000  00000000  00000000  00000000  00000000 
180:  00000000  00000000  00000000  00000000  00000000  00000000  00000000  00000000 
1A0:  00000000  00000000  00000000  00000000  00000000  00000000  00000000  00000000 
1C0:  00000000  00000000  00000000  00000000  00000000  00000000  00000000  00000000 
1E0:  00000000  00000000  00000000  00000000  00000000  00000000  00000000  00000000 
200:  00000001  00000002  00000003  00000004  00000005  00000006  00000007  00000008 
220:  00000009  0000000A  0000000B  0000000C  0000000D  0000000E  0000000F  00000010 
240:  00000011  00000012  00000013  00000014  00000015  00000016  00000017  00000018 
260:  00000019  0000001A  0000001B  0000001C  0000001D  0000001E  0000001F  00000020 
280:  00000011  00000020  0000001F  0000001E  0000001D  0000001C  0000001B  0000001A 
2A0:  00000019  00000018  00000017  00000016  00000015  00000014  00000013  00000012 
2C0:  00000001  00000001  00000001  00000001  00000001  00000001  00000001  00000001 
2E0:  00000001  00000001  00000001  00000001  00000001  00000001  00000001  00000001 
300:  00000001  00000003  00000006  0000000A  0000000F  00000015  0000001C  00000024 
320:  0000002D  00000037  00000042  0000004E  0000005B  00000069  00000078  00000088 
340:  00000098  000000A8  000000B8  000000C8  000000D8  000000E8  000000F8  00000108 
360:  00000118  00000128  00000138  00000148  00000158  00000168  00000178  00000188 
380:  00000000  00000000  00000000  00000000  00000000  00000000  00000000  00000000 
3A0:  00000000  00000000  00000000  00000000  00000000  00000000  00000000  00000000 
3C0:  00000000  00000000  00000000  00000000  00000000  00000000  00000000  00000000 
3E0:  00000000  00000000  00000000  00000000  00000000  00000000  00000000  00000000 
