[Data Memory]
Size=2
Base=0

[Data Memory Content]
000:  54000000  0C0B0200  0C0C0204  4D8D0004  4D8E0008  4D6F0004  1DCF7800  49900001 
020:  4E100004  49710001  4E310004  54840000  54210000  1C2E3000  0CC70220  18870220 
040:  54630000  44850000  54420000  0CA90220  1C4D3000  0CCA0220  252A3000  1C661800 
060:  44A50004  20B03000  84060004  54A50000  44420004  20503000  8006FFD0  1C2F3000 
080:  18C30220  48840004  7C040004  46040000  44210004  20313000  8006FF98  00000000 
0A0:  00000000  00000000  00000000  00000000  00000000  00000000  00000000  00000000 
0C0:  00000000  00000000  00000000  00000000  00000000  00000000  00000000  00000000 
0E0:  00000000  00000000  00000000  00000000  00000000  00000000  00000000  00000000 
100:  00000000  00000000  00000000  00000000  00000000  00000000  00000000  00000000 
120:  00000000  00000000  00000000  00000000  00000000  00000000  00000000  00000000 
140:  00000000  00000000  00000000  00000000  00000000  00000000  00000000  00000000 
160:  00000000  00000000  00000000  00000000  00000000  00000000  00000000  00000000 
180:  00000000  00000000  00000000  00000000  00000000  00000000  00000000  00000000 
1A0:  00000000  00000000  00000000  00000000  00000000  00000000  00000000  00000000 
1C0:  00000000  00000000  00000000  00000000  00000000  00000000  00000000  00000000 
1E0:  00000000  00000000  00000000  00000000  00000000  00000000  00000000  00000000 
200:  00000020  00000010  00000000  00000000  00000000  00000000  00000000  00000000 
220:  00000000  00000000  00000000  00000000  00000000  00000000  00000000  00000000 
240:  00000000  00000000  00000000  00000000  00000000  00000000  00000000  00000000 
260:  00000001  00000001  00000001  00000001  00000001  00000001  00000001  00000001 
280:  00000001  00000001  00000001  00000001  00000001  00000001  00000001  00000001 
2A0:  00000001  00000002  00000003  00000004  00000005  00000006  00000007  00000008 
2C0:  00000009  0000000A  0000000B  0000000C  0000000D  0000000E  0000000F  00000010 
2E0:  00000011  00000012  00000013  00000014  00000015  00000016  00000017  00000018 
300:  00000019  0000001A  0000001B  0000001C  0000001D  0000001E  0000001F  00000020 
320:  00000000  00000000  00000000  00000000  00000000  00000000  00000000  00000000 
340:  00000000  00000000  00000000  00000000  00000000  00000000  00000000  00000000 
360:  00000000  00000000  00000000  00000000  00000000  00000000  00000000  00000000 
380:  00000000  00000000  00000000  00000000  00000000  00000000  00000000  00000000 
3A0:  00000000  00000000  00000000  00000000  00000000  00000000  00000000  00000000 
3C0:  00000000  00000000  00000000  00000000  00000000  00000000  00000000  00000000 
3E0:  00000000  00000000  00000000  00000000  00000000  00000000  00000000  00000000 
